1 0.6272977941176471 0.6865808823529411 0.021139705882352942 0.022058823529411766
1 0.6649816176470589 0.6861213235294118 0.022058823529411766 0.022058823529411766
1 0.5965073529411765 0.6277573529411765 0.02022058823529412 0.02022058823529412
1 0.6337316176470589 0.6277573529411765 0.019301470588235295 0.019301470588235295
1 0.5772058823529411 0.5707720588235294 0.021139705882352942 0.02022058823529412
1 0.6139705882352942 0.5712316176470589 0.02022058823529412 0.02022058823529412
1 0.9724264705882353 0.6819852941176471 0.02022058823529412 0.02068014705882353
1 0.9319852941176471 0.6819852941176471 0.019301470588235295 0.02022058823529412
1 0.8961397058823529 0.6314338235294118 0.02022058823529412 0.019761029411764705
1 0.9365808823529411 0.6323529411764706 0.019301470588235295 0.01884191176470588
1 0.8727022058823529 0.5818014705882353 0.019301470588235295 0.01884191176470588
1 0.9122242647058824 0.5836397058823529 0.02022058823529412 0.01884191176470588