1 0.49264705882352944 0.6139705882352942 0.01838235294117647 0.019301470588235295
1 0.5317095588235294 0.6148897058823529 0.01838235294117647 0.019761029411764705
1 0.5027573529411765 0.5684742647058824 0.022058823529411766 0.017003676470588234
1 0.5418198529411765 0.5698529411764706 0.02022058823529412 0.019301470588235295
1 0.5133272058823529 0.5206801470588235 0.019301470588235295 0.017922794117647058
1 0.5510110294117647 0.5215992647058824 0.022058823529411766 0.019301470588235295
1 0.7945772058823529 0.6263786764705882 0.02022058823529412 0.019761029411764705
1 0.8327205882352942 0.6286764705882353 0.019301470588235295 0.019761029411764705
1 0.8023897058823529 0.5804227941176471 0.021139705882352942 0.019761029411764705
1 0.8396139705882353 0.5808823529411765 0.02022058823529412 0.02022058823529412
1 0.8102022058823529 0.5284926470588235 0.02022058823529412 0.02022058823529412
1 0.8483455882352942 0.5303308823529411 0.02022058823529412 0.019761029411764705