1 0.5505514705882353 0.5560661764705882 0.02297794117647059 0.021139705882352942
1 0.5877757352941176 0.5542279411764706 0.022058823529411766 0.02068014705882353
1 0.5602022058823529 0.5073529411764706 0.02022058823529412 0.019761029411764705
1 0.5969669117647058 0.5041360294117647 0.019301470588235295 0.022058823529411766
1 0.5698529411764706 0.45818014705882354 0.015625 0.015625
1 0.6047794117647058 0.45588235294117646 0.016544117647058824 0.01332720588235294
1 0.8506433823529411 0.5395220588235294 0.021139705882352942 0.022058823529411766
1 0.8901654411764706 0.5372242647058824 0.021139705882352942 0.021139705882352942
1 0.8547794117647058 0.4866727941176471 0.01838235294117647 0.017922794117647058
1 0.8929227941176471 0.48391544117647056 0.019301470588235295 0.016544117647058824
1 0.8579963235294118 0.4342830882352941 0.015625 0.014246323529411764
1 0.8952205882352942 0.4306066176470588 0.014705882352941176 0.014246323529411764