1 0.1323529411764706 0.9430147058823529 0.022058823529411766 0.024356617647058824
1 0.17463235294117646 0.9416360294117647 0.02297794117647059 0.02297794117647059
1 0.46369485294117646 0.9338235294117647 0.022058823529411766 0.02389705882352941
1 0.5055147058823529 0.9324448529411765 0.02389705882352941 0.024356617647058824
1 0.46737132352941174 0.8598345588235294 0.02389705882352941 0.0234375
1 0.5096507352941176 0.8584558823529411 0.02297794117647059 0.02389705882352941
1 0.4710477941176471 0.7918198529411765 0.02297794117647059 0.024356617647058824
1 0.5124080882352942 0.7918198529411765 0.021139705882352942 0.02297794117647059
1 0.15303308823529413 0.8069852941176471 0.021139705882352942 0.0234375
1 0.19393382352941177 0.8051470588235294 0.021139705882352942 0.0234375
1 0.14338235294117646 0.8704044117647058 0.022058823529411766 0.0234375
1 0.18428308823529413 0.8694852941176471 0.022058823529411766 0.02297794117647059
1 0.3961397058823529 0.33547794117647056 0.01838235294117647 0.014246323529411764
1 0.36075367647058826 0.3382352941176471 0.013786764705882353 0.012408088235294117
1 0.12362132352941177 0.36213235294117646 0.015625 0.011948529411764705
1 0.0896139705882353 0.36580882352941174 0.016544117647058824 0.011948529411764705