1 0.4797794117647059 0.7706801470588235 0.022058823529411766 0.022058823529411766
1 0.4411764705882353 0.7748161764705882 0.024816176470588234 0.022058823529411766
1 0.4099264705882353 0.7224264705882353 0.02297794117647059 0.02297794117647059
1 0.4485294117647059 0.7182904411764706 0.02297794117647059 0.02297794117647059
1 0.41360294117647056 0.6727941176470589 0.024816176470588234 0.019761029411764705
1 0.3759191176470588 0.6764705882352942 0.02389705882352941 0.022058823529411766
1 0.1714154411764706 0.8046875 0.022058823529411766 0.02068014705882353
1 0.13143382352941177 0.8097426470588235 0.022058823529411766 0.021139705882352942
1 0.10202205882352941 0.7545955882352942 0.022058823529411766 0.022058823529411766
1 0.1410845588235294 0.7504595588235294 0.021139705882352942 0.022518382352941176
1 0.06847426470588236 0.7054227941176471 0.022058823529411766 0.02068014705882353
1 0.10845588235294118 0.7017463235294118 0.022058823529411766 0.021139705882352942