1 0.5 0.6865808823529411 0.02389705882352941 0.022058823529411766
1 0.5381433823529411 0.6870404411764706 0.022058823529411766 0.021139705882352942
1 0.49954044117647056 0.6332720588235294 0.021139705882352942 0.021139705882352942
1 0.5358455882352942 0.6351102941176471 0.021139705882352942 0.022058823529411766
1 0.49954044117647056 0.5776654411764706 0.02297794117647059 0.021139705882352942
1 0.5363051470588235 0.5795036764705882 0.022058823529411766 0.021139705882352942
1 0.7840073529411765 0.6966911764705882 0.02297794117647059 0.02068014705882353
1 0.8189338235294118 0.6980698529411765 0.021139705882352942 0.021139705882352942
1 0.7789522058823529 0.6456801470588235 0.021139705882352942 0.02022058823529412
1 0.8129595588235294 0.6475183823529411 0.02022058823529412 0.02022058823529412
1 0.7775735294117647 0.5914522058823529 0.02389705882352941 0.019761029411764705
1 0.8106617647058824 0.5928308823529411 0.021139705882352942 0.02297794117647059